411
118
30
90
343
220
373
83
486
241
296
234
125
57
476
248
292
30
189
105
359
379
356
483
71
102
149
164
107
144
464
313
364
432
41
248
111
174
71
248
284
263
469
450
472
281
221
64
274
9
305
149
92
111
42
392
39
217
64
395
314
448
8
9
3
258
24
299
317
40
45
91
109
145
294
405
442
57
493
126
23
90
73
181
76
405
445
445
183
89
126
368
342
116
371
197
29
181
185
213
86
94
292
278
313
346
398
11
463
98
174
54
306
415
313
465
370
478
493
429
30
404
339
330
275
282
124
65
459
316
170
78
94
447
396
395
77
124
134
13
82
262
353
459
232
60
336
144
73
268
415
471
349
276
395
72
80
402
423
354
289
346
24
51
298
104
17
101
344
228
31
326
66
129
274
164
412
10
247
483
259
441
244
76
103
140
351
486
158
359
66
162
309
280
475
431
294
172
342
488
330
428
423
322
9
483
180
307
126
12
118
351
246
30
318
178
60
349
164
310
157
141
15
165
445
391
69
494
29
59
76
73
253
400
144
412
429
403
22
133
492
38
62
155
45
412
210
440
151
447
19
227
469
155
104
235
426
265
292
157
384
297
108
294
410
280
390
252
115
104
312
383
274
312
261
295
8
379
287
47
354
498
80
461
131
10
317
38
426
409
413
69
482
209
58
175
461
11
308
340
475
182
454
245
253
202
269
88
126
24
233
148
298
319
308
415
359
475
123
210
432
318
423
136
19
328
193
256
461
105
156
225
246
402
38
469
141
339
404
402
349
8
77
294
102
284
161
438
42
317
284
133
54
402
351
384
296
366
321
179
218
340
178
232
230
443
245
254
26
462
267
22
112
379
347
204
123
88
407
405
201
405
132
311
374
236
188
67
171
443
177
303
225
87
17
316
416
438
199
466
163
469
453
16
345
432
265
297
55
464
125
304
85
304
362
46
482
5
274
234
344
387
283
178
456
83
268
268
479
121
457
106
51
112
1
352
197
26
123
450
354
112
7
450
292
168
417
34
494
399
40
26
205
464
143
177
479
138
374
145
271
169
464
320
366
114
108
131
224
134
174
62
268
63
415
104
416
282
160
391
96
150
78
495
129
150
486
408
422
97
321
497
111
487
209
35
425
28
323
400
